K = 0.1556;
T = 70.5470;

Td = T;
Tf = 8.4;
Kpd = 0.8390;